Batch_ID,Stage,Start_Time_Min,End_Time_Min,Duration_Min,Assigned_Machine
Бородинский_batch_4,Комбинирование,0,21,21,combiner_1
Бородинский_batch_5,Комбинирование,0,21,21,combiner_0
Бородинский_batch_1,Комбинирование,21,42,21,combiner_0
Бородинский_batch_4,Смешивание,21,31,10,mixer_0
Бородинский_batch_5,Смешивание,21,31,10,mixer_1
Бородинский_batch_6,Комбинирование,21,32,11,combiner_1
Бородинский_batch_4,Формовка,31,42,11,former_0
Бородинский_batch_5,Формовка,31,42,11,former_1
Бородинский_batch_6,Смешивание,32,42,10,mixer_2
Диета_batch_2,Комбинирование,32,53,21,combiner_1
Бородинский_batch_1,Смешивание,42,52,10,mixer_2
Бородинский_batch_2,Комбинирование,42,63,21,combiner_0
Бородинский_batch_4,Расстойка,42,62,20,
Бородинский_batch_5,Расстойка,42,62,20,
Бородинский_batch_6,Формовка,42,48,6,former_1
Бородинский_batch_6,Расстойка,48,68,20,
Бородинский_batch_1,Формовка,52,63,11,former_0
Диета_batch_1,Комбинирование,53,74,21,combiner_1
Диета_batch_2,Смешивание,53,63,10,mixer_2
Бородинский_batch_4,Выпекание,62,117,55,
Бородинский_batch_5,Выпекание,62,117,55,
Бородинский_batch_1,Расстойка,63,83,20,
Бородинский_batch_2,Смешивание,63,73,10,mixer_2
Бородинский_batch_3,Комбинирование,63,84,21,combiner_0
Диета_batch_2,Формовка,63,74,11,former_0
Бородинский_batch_6,Выпекание,68,123,55,
Бородинский_batch_2,Формовка,74,85,11,former_0
Диета_batch_1,Смешивание,74,84,10,mixer_2
Диета_batch_2,Расстойка,74,112,38,
Формовой_batch_14,Комбинирование,74,95,21,combiner_1
Бородинский_batch_1,Выпекание,83,138,55,
Бородинский_batch_3,Смешивание,84,94,10,mixer_2
Диета_batch_1,Формовка,84,95,11,former_1
Формовой_batch_6,Комбинирование,84,105,21,combiner_0
Бородинский_batch_2,Расстойка,85,105,20,
Бородинский_batch_3,Формовка,94,105,11,former_0
Диета_batch_1,Расстойка,95,133,38,
Формовой_batch_14,Смешивание,95,107,12,mixer_2
Формовой_batch_3,Комбинирование,95,116,21,combiner_1
Бородинский_batch_2,Выпекание,105,160,55,
Бородинский_batch_3,Расстойка,105,125,20,
Диета_batch_3,Комбинирование,105,126,21,combiner_0
Формовой_batch_6,Смешивание,105,117,12,mixer_0
Формовой_batch_14,Формовка,107,118,11,former_0
Диета_batch_2,Выпекание,112,147,35,
Мини формовой_batch_1,Комбинирование,116,137,21,combiner_1
Формовой_batch_3,Смешивание,116,128,12,mixer_1
Бородинский_batch_4,Остывание,117,237,120,
Бородинский_batch_5,Остывание,117,237,120,
Формовой_batch_6,Формовка,117,128,11,former_1
Формовой_batch_14,Расстойка,118,143,25,
Бородинский_batch_6,Остывание,123,243,120,
Бородинский_batch_3,Выпекание,125,180,55,
Диета_batch_3,Смешивание,126,136,10,mixer_0
Формовой_batch_16,Комбинирование,126,147,21,combiner_0
Формовой_batch_3,Формовка,128,139,11,former_1
Формовой_batch_6,Расстойка,128,153,25,
Диета_batch_1,Выпекание,133,168,35,
Диета_batch_3,Формовка,136,147,11,former_0
Мини формовой_batch_1,Смешивание,137,149,12,mixer_1
Мини формовой_batch_3,Комбинирование,137,158,21,combiner_1
Бородинский_batch_1,Остывание,138,258,120,
Формовой_batch_3,Расстойка,139,164,25,
Формовой_batch_14,Выпекание,143,188,45,
Диета_batch_2,Остывание,147,237,90,
Диета_batch_3,Расстойка,147,185,38,
Формовой_batch_11,Комбинирование,147,168,21,combiner_0
Формовой_batch_16,Смешивание,147,159,12,mixer_0
Мини формовой_batch_1,Формовка,149,160,11,former_0
Формовой_batch_6,Выпекание,153,198,45,
Формовой_batch_8,Комбинирование,158,179,21,combiner_1
Мини формовой_batch_3,Смешивание,159,171,12,mixer_0
Бородинский_batch_2,Остывание,160,280,120,
Мини формовой_batch_1,Расстойка,160,185,25,
Формовой_batch_16,Формовка,160,171,11,former_0
Формовой_batch_3,Выпекание,164,209,45,
Диета_batch_1,Остывание,168,258,90,
Формовой_batch_20,Комбинирование,168,189,21,combiner_0
Формовой_batch_11,Смешивание,169,181,12,mixer_1
Мини формовой_batch_3,Формовка,171,182,11,former_0
Формовой_batch_16,Расстойка,171,196,25,
Формовой_batch_15,Комбинирование,179,200,21,combiner_1
Формовой_batch_8,Смешивание,179,191,12,mixer_0
Бородинский_batch_3,Остывание,180,300,120,
Мини формовой_batch_3,Расстойка,182,207,25,
Формовой_batch_11,Формовка,182,193,11,former_0
Диета_batch_3,Выпекание,185,220,35,
Мини формовой_batch_1,Выпекание,185,230,45,
Формовой_batch_14,Остывание,188,278,90,
Формовой_batch_20,Смешивание,189,201,12,mixer_2
Формовой_batch_21,Комбинирование,189,210,21,combiner_0
Формовой_batch_8,Формовка,191,202,11,former_1
Формовой_batch_11,Расстойка,193,218,25,
Формовой_batch_16,Выпекание,196,241,45,
Формовой_batch_6,Остывание,198,288,90,
Формовой_batch_1,Комбинирование,200,221,21,combiner_1
Формовой_batch_15,Смешивание,200,212,12,mixer_1
Формовой_batch_20,Формовка,202,213,11,former_1
Формовой_batch_8,Расстойка,202,227,25,
Мини формовой_batch_3,Выпекание,207,252,45,
Формовой_batch_3,Остывание,209,299,90,
Формовой_batch_21,Смешивание,210,222,12,mixer_2
Формовой_batch_5,Комбинирование,210,231,21,combiner_0
Формовой_batch_15,Формовка,213,224,11,former_1
Формовой_batch_20,Расстойка,213,238,25,
Формовой_batch_11,Выпекание,218,263,45,
Диета_batch_3,Остывание,220,310,90,
Формовой_batch_1,Смешивание,221,233,12,mixer_0
Формовой_batch_2,Комбинирование,221,242,21,combiner_1
Формовой_batch_21,Формовка,222,233,11,former_0
Формовой_batch_15,Расстойка,224,249,25,
Формовой_batch_8,Выпекание,227,272,45,
Мини формовой_batch_1,Остывание,230,320,90,
Формовой_batch_5,Смешивание,231,243,12,mixer_1
Формовой_batch_9,Комбинирование,231,252,21,combiner_0
Формовой_batch_1,Формовка,233,244,11,former_1
Формовой_batch_21,Расстойка,233,258,25,
Формовой_batch_20,Выпекание,238,283,45,
Формовой_batch_16,Остывание,241,331,90,
Мини формовой_batch_2,Комбинирование,242,263,21,combiner_1
Формовой_batch_2,Смешивание,242,254,12,mixer_2
Формовой_batch_5,Формовка,243,254,11,former_0
Формовой_batch_1,Расстойка,244,269,25,
Формовой_batch_15,Выпекание,249,294,45,
Мини формовой_batch_3,Остывание,252,342,90,
Формовой_batch_18,Комбинирование,252,273,21,combiner_0
Формовой_batch_9,Смешивание,252,264,12,mixer_0
Формовой_batch_2,Формовка,254,265,11,former_0
Формовой_batch_5,Расстойка,254,279,25,
Формовой_batch_21,Выпекание,258,303,45,
Мини формовой_batch_2,Смешивание,263,275,12,mixer_1
Формовой_batch_11,Остывание,263,353,90,
Формовой_batch_4,Комбинирование,263,284,21,combiner_1
Формовой_batch_9,Формовка,264,275,11,former_1
Формовой_batch_2,Расстойка,265,290,25,
Формовой_batch_1,Выпекание,269,314,45,
Формовой_batch_8,Остывание,272,362,90,
Формовой_batch_10,Комбинирование,273,294,21,combiner_0
Формовой_batch_18,Смешивание,273,285,12,mixer_0
Мини формовой_batch_2,Формовка,275,286,11,former_0
Формовой_batch_9,Расстойка,275,300,25,
Формовой_batch_5,Выпекание,279,324,45,
Формовой_batch_20,Остывание,283,373,90,
Багет новый_batch_2,Комбинирование,284,305,21,combiner_1
Формовой_batch_4,Смешивание,284,296,12,mixer_2
Мини формовой_batch_2,Расстойка,286,311,25,
Формовой_batch_18,Формовка,286,297,11,former_0
Формовой_batch_2,Выпекание,290,335,45,
Формовой_batch_12,Комбинирование,294,315,21,combiner_0
Формовой_batch_15,Остывание,294,384,90,
Формовой_batch_10,Смешивание,295,307,12,mixer_0
Формовой_batch_18,Расстойка,297,322,25,
Формовой_batch_4,Формовка,297,308,11,former_0
Формовой_batch_9,Выпекание,300,345,45,
Формовой_batch_21,Остывание,303,393,90,
Багет новый_batch_2,Смешивание,305,315,10,mixer_1
Формовой_batch_7,Комбинирование,305,326,21,combiner_1
Формовой_batch_10,Формовка,308,319,11,former_0
Формовой_batch_4,Расстойка,308,333,25,
Мини формовой_batch_2,Выпекание,311,356,45,
Формовой_batch_1,Остывание,314,404,90,
Багет новый_batch_2,Формовка,315,326,11,former_1
Формовой_batch_12,Смешивание,315,327,12,mixer_1
Формовой_batch_19,Комбинирование,315,336,21,combiner_0
Формовой_batch_10,Расстойка,319,344,25,
Формовой_batch_18,Выпекание,322,367,45,
Формовой_batch_5,Остывание,324,414,90,
Багет новый_batch_2,Расстойка,326,351,25,
Мини формовой_batch_4,Комбинирование,326,343,17,combiner_1
Формовой_batch_7,Смешивание,326,338,12,mixer_0
Формовой_batch_12,Формовка,327,338,11,former_1
Формовой_batch_4,Выпекание,333,378,45,
Формовой_batch_2,Остывание,335,425,90,
Формовой_batch_13,Комбинирование,336,357,21,combiner_0
Формовой_batch_19,Смешивание,336,348,12,mixer_1
Формовой_batch_12,Расстойка,338,363,25,
Формовой_batch_7,Формовка,338,349,11,former_1
Диета_batch_4,Комбинирование,343,352,9,combiner_1
Мини формовой_batch_4,Смешивание,343,355,12,mixer_0
Формовой_batch_10,Выпекание,344,389,45,
Формовой_batch_9,Остывание,345,435,90,
Формовой_batch_19,Формовка,348,359,11,former_0
Формовой_batch_7,Расстойка,349,374,25,
Багет новый_batch_2,Выпекание,351,376,25,
Хлеб «Зерновой»_batch_2,Комбинирование,352,365,13,combiner_1
Диета_batch_4,Смешивание,353,363,10,mixer_2
Мини формовой_batch_4,Формовка,355,364,9,former_1
Мини формовой_batch_2,Остывание,356,446,90,
Формовой_batch_13,Смешивание,357,369,12,mixer_0
Формовой_batch_17,Комбинирование,357,378,21,combiner_0
Формовой_batch_19,Расстойка,359,384,25,
Формовой_batch_12,Выпекание,363,408,45,
Диета_batch_4,Формовка,364,369,5,former_1
Мини формовой_batch_4,Расстойка,364,389,25,
Береке_batch_1,Комбинирование,365,386,21,combiner_1
Хлеб «Зерновой»_batch_2,Смешивание,365,375,10,mixer_1
Формовой_batch_18,Остывание,367,457,90,
Диета_batch_4,Расстойка,369,407,38,
Формовой_batch_13,Формовка,369,380,11,former_0
Формовой_batch_7,Выпекание,374,419,45,
Хлеб «Зерновой»_batch_2,Формовка,375,382,7,former_1
Багет новый_batch_2,Остывание,376,451,75,
Формовой_batch_17,Смешивание,378,390,12,mixer_2
Формовой_batch_22,Комбинирование,378,396,18,combiner_0
Формовой_batch_4,Остывание,378,468,90,
Формовой_batch_13,Расстойка,380,405,25,
Хлеб «Зерновой»_batch_2,Расстойка,382,407,25,
Формовой_batch_19,Выпекание,384,429,45,
Батон Нарезной_batch_3,Комбинирование,386,407,21,combiner_1
Береке_batch_1,Смешивание,386,396,10,mixer_0
Мини формовой_batch_4,Выпекание,389,434,45,
Формовой_batch_10,Остывание,389,479,90,
Формовой_batch_17,Формовка,390,401,11,former_0
Багет новый_batch_1,Комбинирование,396,417,21,combiner_0
Береке_batch_1,Формовка,396,407,11,former_1
Формовой_batch_22,Смешивание,396,408,12,mixer_2
Формовой_batch_17,Расстойка,401,426,25,
Формовой_batch_13,Выпекание,405,450,45,
Баварский Деревенский Ржаной_batch_1,Комбинирование,407,410,3,combiner_1
Береке_batch_1,Расстойка,407,427,20,
Хлеб «Зерновой»_batch_2,Выпекание,407,432,25,
Батон Нарезной_batch_3,Смешивание,408,418,10,mixer_2
Диета_batch_4,Выпекание,408,443,35,
Формовой_batch_12,Остывание,408,498,90,
Формовой_batch_22,Формовка,408,418,10,former_1
Баварский Деревенский Ржаной_batch_1,Смешивание,410,420,10,mixer_0
Батон Нарезной_batch_1,Комбинирование,410,431,21,combiner_1
Багет новый_batch_1,Смешивание,417,427,10,mixer_1
Батон Нарезной_batch_2,Комбинирование,417,438,21,combiner_0
Батон Нарезной_batch_3,Формовка,418,429,11,former_0
Формовой_batch_22,Расстойка,418,443,25,
Формовой_batch_7,Остывание,419,509,90,
Баварский Деревенский Ржаной_batch_1,Формовка,420,422,2,former_1
Баварский Деревенский Ржаной_batch_1,Расстойка,422,452,30,
Формовой_batch_17,Выпекание,426,471,45,
Багет новый_batch_1,Формовка,427,438,11,former_1
Батон Нарезной_batch_3,Расстойка,429,454,25,
Береке_batch_1,Выпекание,429,445,16,
Формовой_batch_19,Остывание,429,519,90,
Батон Нарезной_batch_1,Смешивание,431,441,10,mixer_2
Жайлы_batch_2,Комбинирование,431,445,14,combiner_1
Хлеб «Зерновой»_batch_2,Остывание,432,507,75,
Мини формовой_batch_4,Остывание,434,524,90,
Багет новый_batch_1,Расстойка,438,463,25,
Батон Нарезной_batch_2,Смешивание,438,448,10,mixer_0
Хлеб «Зерновой»_batch_1,Комбинирование,438,459,21,combiner_0
Батон Нарезной_batch_1,Формовка,441,452,11,former_0
Диета_batch_4,Остывание,443,533,90,
Формовой_batch_22,Выпекание,443,488,45,
Береке_batch_1,Остывание,445,505,60,
Булочка для гамбургера большой с кунжутом_batch_13,Комбинирование,445,466,21,combiner_1
Жайлы_batch_2,Смешивание,445,455,10,mixer_2
Батон Нарезной_batch_2,Формовка,448,459,11,former_1
Формовой_batch_13,Остывание,450,540,90,
Баварский Деревенский Ржаной_batch_1,Выпекание,452,470,18,
Батон Нарезной_batch_1,Расстойка,452,477,25,
Батон Нарезной_batch_3,Выпекание,454,471,17,
Жайлы_batch_2,Формовка,455,463,8,former_0
Багет новый_batch_3,Комбинирование,459,480,21,combiner_0
Батон Нарезной_batch_2,Расстойка,459,484,25,
Хлеб «Зерновой»_batch_1,Смешивание,459,469,10,mixer_1
Багет новый_batch_1,Выпекание,463,488,25,
Жайлы_batch_2,Расстойка,463,488,25,
Булочка для гамбургера большой с кунжутом_batch_13,Смешивание,466,476,10,mixer_2
Булочка для гамбургера большой с кунжутом_batch_15,Комбинирование,466,487,21,combiner_1
Хлеб «Зерновой»_batch_1,Формовка,469,480,11,former_0
Баварский Деревенский Ржаной_batch_1,Остывание,470,560,90,
Батон Нарезной_batch_3,Остывание,471,531,60,
Формовой_batch_17,Остывание,471,561,90,
Булочка для гамбургера большой с кунжутом_batch_13,Формовка,476,487,11,former_1
Батон Нарезной_batch_1,Выпекание,477,494,17,
Багет новый_batch_3,Смешивание,480,490,10,mixer_2
Жайлы_batch_1,Комбинирование,480,501,21,combiner_0
Хлеб «Зерновой»_batch_1,Расстойка,480,505,25,
Батон Нарезной_batch_2,Выпекание,484,501,17,
Булочка для гамбургера большой с кунжутом_batch_13,Расстойка,487,512,25,
Булочка для гамбургера большой с кунжутом_batch_15,Смешивание,487,497,10,mixer_0
Чиабатта_batch_1,Комбинирование,487,491,4,combiner_1
Багет новый_batch_1,Остывание,488,563,75,
Жайлы_batch_2,Выпекание,488,505,17,
Формовой_batch_22,Остывание,488,578,90,
Багет новый_batch_3,Формовка,490,501,11,former_1
Сэндвич_batch_1,Комбинирование,491,512,21,combiner_1
Чиабатта_batch_1,Смешивание,491,501,10,mixer_2
Батон Нарезной_batch_1,Остывание,494,554,60,
Булочка для гамбургера большой с кунжутом_batch_15,Формовка,497,508,11,former_0
Багет новый_batch_3,Расстойка,501,526,25,
Батон Нарезной_batch_2,Остывание,501,561,60,
Жайлы_batch_1,Смешивание,501,511,10,mixer_1
Плетенка_batch_1,Комбинирование,501,522,21,combiner_0
Чиабатта_batch_1,Формовка,501,503,2,former_1
Чиабатта_batch_1,Расстойка,503,528,25,
Жайлы_batch_2,Остывание,505,565,60,
Хлеб «Зерновой»_batch_1,Выпекание,505,530,25,
Булочка для гамбургера большой с кунжутом_batch_15,Расстойка,508,533,25,
Жайлы_batch_1,Формовка,511,522,11,former_1
Булочка для гамбургера большой с кунжутом_batch_13,Выпекание,512,534,22,
Сэндвич_batch_1,Смешивание,512,522,10,mixer_1
Сэндвич_batch_10,Комбинирование,512,533,21,combiner_1
Жайлы_batch_1,Расстойка,522,547,25,
Плетенка_batch_1,Смешивание,522,532,10,mixer_0
Семейный_batch_3,Комбинирование,522,543,21,combiner_0
Сэндвич_batch_1,Формовка,522,533,11,former_1
Багет новый_batch_3,Выпекание,526,551,25,
Чиабатта_batch_1,Выпекание,528,553,25,
Хлеб «Зерновой»_batch_1,Остывание,530,605,75,
Плетенка_batch_1,Формовка,532,543,11,former_0
Булочка для гамбургера большой с кунжутом_batch_15,Выпекание,533,555,22,
Булочка для хотдога штучно_batch_2,Комбинирование,533,554,21,combiner_1
Сэндвич_batch_1,Расстойка,533,558,25,
Сэндвич_batch_10,Смешивание,533,543,10,mixer_1
Булочка для гамбургера большой с кунжутом_batch_13,Остывание,534,579,45,
Плетенка_batch_1,Расстойка,543,568,25,
Семейный_batch_2,Комбинирование,543,564,21,combiner_0
Семейный_batch_3,Смешивание,543,553,10,mixer_0
Сэндвич_batch_10,Формовка,543,554,11,former_1
Жайлы_batch_1,Выпекание,547,564,17,
Багет новый_batch_3,Остывание,551,626,75,
Семейный_batch_3,Формовка,553,564,11,former_0
Чиабатта_batch_1,Остывание,553,628,75,
Багет новый_batch_4,Комбинирование,554,555,1,combiner_1
Булочка для хотдога штучно_batch_2,Смешивание,554,564,10,mixer_2
Сэндвич_batch_10,Расстойка,554,579,25,
Багет новый_batch_4,Смешивание,555,565,10,mixer_0
Булочка для гамбургера большой с кунжутом_batch_15,Остывание,555,600,45,
Сэндвич_batch_4,Комбинирование,555,576,21,combiner_1
Сэндвич_batch_1,Выпекание,558,580,22,
Булочка для хотдога штучно_batch_2,Формовка,564,575,11,former_0
Жайлы_batch_1,Остывание,564,624,60,
Семейный_batch_1,Комбинирование,564,585,21,combiner_0
Семейный_batch_2,Смешивание,564,574,10,mixer_1
Семейный_batch_3,Расстойка,564,589,25,
Багет новый_batch_4,Формовка,565,566,1,former_1
Багет новый_batch_4,Расстойка,566,591,25,
Плетенка_batch_1,Выпекание,568,585,17,
Семейный_batch_2,Формовка,574,585,11,former_1
Булочка для хотдога штучно_batch_2,Расстойка,575,600,25,
Булочка для гамбургера большой с кунжутом_batch_2,Комбинирование,576,597,21,combiner_1
Сэндвич_batch_4,Смешивание,576,586,10,mixer_1
Сэндвич_batch_10,Выпекание,579,601,22,
Сэндвич_batch_1,Остывание,580,625,45,
Булочка для гамбургера большой с кунжутом_batch_9,Комбинирование,585,606,21,combiner_0
Плетенка_batch_1,Остывание,585,645,60,
Семейный_batch_1,Смешивание,585,595,10,mixer_0
Семейный_batch_2,Расстойка,585,610,25,
Сэндвич_batch_4,Формовка,586,597,11,former_0
Семейный_batch_3,Выпекание,589,606,17,
Багет новый_batch_4,Выпекание,591,616,25,
Семейный_batch_1,Формовка,595,606,11,former_1
Булочка для гамбургера большой с кунжутом_batch_2,Смешивание,597,607,10,mixer_2
Булочка для гамбургера большой с кунжутом_batch_5,Комбинирование,597,618,21,combiner_1
Сэндвич_batch_4,Расстойка,597,622,25,
Булочка для хотдога штучно_batch_2,Выпекание,600,622,22,
Сэндвич_batch_10,Остывание,601,646,45,
Булочка для гамбургера большой с кунжутом_batch_12,Комбинирование,606,627,21,combiner_0
Семейный_batch_1,Расстойка,606,631,25,
Семейный_batch_3,Остывание,606,666,60,
Булочка для гамбургера большой с кунжутом_batch_2,Формовка,607,618,11,former_0
Булочка для гамбургера большой с кунжутом_batch_9,Смешивание,607,617,10,mixer_1
Семейный_batch_2,Выпекание,610,627,17,
Багет новый_batch_4,Остывание,616,691,75,
Булочка для гамбургера большой с кунжутом_batch_2,Расстойка,618,643,25,
Булочка для гамбургера большой с кунжутом_batch_5,Смешивание,618,628,10,mixer_2
Булочка для гамбургера большой с кунжутом_batch_9,Формовка,618,629,11,former_0
Сэндвич_batch_13,Комбинирование,618,639,21,combiner_1
Булочка для хотдога штучно_batch_2,Остывание,622,667,45,
Сэндвич_batch_4,Выпекание,622,644,22,
Булочка для гамбургера большой с кунжутом_batch_7,Комбинирование,627,648,21,combiner_0
Семейный_batch_2,Остывание,627,687,60,
Булочка для гамбургера большой с кунжутом_batch_12,Смешивание,628,638,10,mixer_2
Булочка для гамбургера большой с кунжутом_batch_5,Формовка,629,640,11,former_0
Булочка для гамбургера большой с кунжутом_batch_9,Расстойка,629,654,25,
Семейный_batch_1,Выпекание,631,648,17,
Булочка для гамбургера большой с кунжутом_batch_12,Формовка,638,649,11,former_1
Сэндвич_batch_13,Смешивание,639,649,10,mixer_2
Сэндвич_batch_2,Комбинирование,639,660,21,combiner_1
Булочка для гамбургера большой с кунжутом_batch_5,Расстойка,640,665,25,
Булочка для гамбургера большой с кунжутом_batch_2,Выпекание,643,665,22,
Сэндвич_batch_4,Остывание,644,689,45,
Семейный_batch_1,Остывание,648,708,60,
Сэндвич_batch_12,Комбинирование,648,669,21,combiner_0
Булочка для гамбургера большой с кунжутом_batch_12,Расстойка,649,674,25,
Булочка для гамбургера большой с кунжутом_batch_7,Смешивание,649,659,10,mixer_1
Сэндвич_batch_13,Формовка,649,660,11,former_1
Булочка для гамбургера большой с кунжутом_batch_9,Выпекание,654,676,22,
Булочка для гамбургера большой с кунжутом_batch_7,Формовка,660,671,11,former_1
Сэндвич_batch_13,Расстойка,660,685,25,
Сэндвич_batch_2,Смешивание,660,670,10,mixer_1
Сэндвич_batch_6,Комбинирование,660,681,21,combiner_1
Булочка для гамбургера большой с кунжутом_batch_2,Остывание,665,710,45,
Булочка для гамбургера большой с кунжутом_batch_5,Выпекание,665,687,22,
Сэндвич_batch_11,Комбинирование,669,690,21,combiner_0
Сэндвич_batch_12,Смешивание,669,679,10,mixer_2
Сэндвич_batch_2,Формовка,670,681,11,former_0
Булочка для гамбургера большой с кунжутом_batch_7,Расстойка,671,696,25,
Булочка для гамбургера большой с кунжутом_batch_12,Выпекание,674,696,22,
Булочка для гамбургера большой с кунжутом_batch_9,Остывание,676,721,45,
Сэндвич_batch_12,Формовка,679,690,11,former_1
Булочка для гамбургера большой с кунжутом_batch_10,Комбинирование,681,702,21,combiner_1
Сэндвич_batch_2,Расстойка,681,706,25,
Сэндвич_batch_6,Смешивание,681,691,10,mixer_2
Сэндвич_batch_13,Выпекание,685,707,22,
Булочка для гамбургера большой с кунжутом_batch_5,Остывание,687,732,45,
Булочка для гамбургера большой с кунжутом_batch_8,Комбинирование,690,711,21,combiner_0
Сэндвич_batch_12,Расстойка,690,715,25,
Сэндвич_batch_11,Смешивание,691,701,10,mixer_1
Сэндвич_batch_6,Формовка,691,702,11,former_0
Булочка для гамбургера большой с кунжутом_batch_12,Остывание,696,741,45,
Булочка для гамбургера большой с кунжутом_batch_7,Выпекание,696,718,22,
Булочка для гамбургера большой с кунжутом_batch_10,Смешивание,702,712,10,mixer_2
Булочка для гамбургера большой с кунжутом_batch_6,Комбинирование,702,723,21,combiner_1
Сэндвич_batch_11,Формовка,702,713,11,former_0
Сэндвич_batch_6,Расстойка,702,727,25,
Сэндвич_batch_2,Выпекание,706,728,22,
Сэндвич_batch_13,Остывание,707,752,45,
Булочка для гамбургера большой с кунжутом_batch_8,Смешивание,711,721,10,mixer_1
Премиум_batch_1,Комбинирование,711,715,4,combiner_0
Булочка для гамбургера большой с кунжутом_batch_10,Формовка,712,723,11,former_1
Сэндвич_batch_11,Расстойка,713,738,25,
Булочка для гамбургера большой с кунжутом_batch_3,Комбинирование,715,736,21,combiner_0
Премиум_batch_1,Смешивание,715,725,10,mixer_2
Сэндвич_batch_12,Выпекание,715,737,22,
Булочка для гамбургера большой с кунжутом_batch_7,Остывание,718,763,45,
Булочка для гамбургера большой с кунжутом_batch_8,Формовка,721,732,11,former_0
Булочка для гамбургера большой с кунжутом_batch_1,Комбинирование,723,744,21,combiner_1
Булочка для гамбургера большой с кунжутом_batch_10,Расстойка,723,748,25,
Булочка для гамбургера большой с кунжутом_batch_6,Смешивание,723,733,10,mixer_1
Премиум_batch_1,Формовка,725,727,2,former_1
Премиум_batch_1,Расстойка,727,752,25,
Сэндвич_batch_6,Выпекание,727,749,22,
Сэндвич_batch_2,Остывание,728,773,45,
Булочка для гамбургера большой с кунжутом_batch_8,Расстойка,732,757,25,
Булочка для гамбургера большой с кунжутом_batch_6,Формовка,733,744,11,former_1
Булочка для гамбургера большой с кунжутом_batch_3,Смешивание,736,746,10,mixer_1
Сэндвич_batch_8,Комбинирование,736,757,21,combiner_0
Сэндвич_batch_12,Остывание,737,782,45,
Сэндвич_batch_11,Выпекание,738,760,22,
Береке_batch_2,Комбинирование,744,759,15,combiner_1
Булочка для гамбургера большой с кунжутом_batch_1,Смешивание,744,754,10,mixer_2
Булочка для гамбургера большой с кунжутом_batch_6,Расстойка,744,769,25,
Булочка для гамбургера большой с кунжутом_batch_3,Формовка,746,757,11,former_0
Булочка для гамбургера большой с кунжутом_batch_10,Выпекание,748,770,22,
Сэндвич_batch_6,Остывание,749,794,45,
Премиум_batch_1,Выпекание,752,777,25,
Булочка для гамбургера большой с кунжутом_batch_1,Формовка,754,765,11,former_1
Булочка для гамбургера большой с кунжутом_batch_3,Расстойка,757,782,25,
Булочка для гамбургера большой с кунжутом_batch_4,Комбинирование,757,778,21,combiner_0
Булочка для гамбургера большой с кунжутом_batch_8,Выпекание,757,779,22,
Сэндвич_batch_8,Смешивание,757,767,10,mixer_1
Береке_batch_2,Смешивание,759,769,10,mixer_0
Булочка для гамбургера большой с кунжутом_batch_11,Комбинирование,759,780,21,combiner_1
Сэндвич_batch_11,Остывание,760,805,45,
Булочка для гамбургера большой с кунжутом_batch_1,Расстойка,765,790,25,
Сэндвич_batch_8,Формовка,767,778,11,former_0
Береке_batch_2,Формовка,769,777,8,former_1
Булочка для гамбургера большой с кунжутом_batch_6,Выпекание,769,791,22,
Булочка для гамбургера большой с кунжутом_batch_10,Остывание,770,815,45,
Береке_batch_2,Расстойка,777,797,20,
Премиум_batch_1,Остывание,777,852,75,
Булочка для гамбургера большой с кунжутом_batch_14,Комбинирование,778,799,21,combiner_0
Булочка для гамбургера большой с кунжутом_batch_4,Смешивание,778,788,10,mixer_2
Сэндвич_batch_8,Расстойка,778,803,25,
Булочка для гамбургера большой с кунжутом_batch_8,Остывание,779,824,45,
Булочка для гамбургера большой с кунжутом_batch_11,Смешивание,780,790,10,mixer_1
Сэндвич_batch_5,Комбинирование,780,801,21,combiner_1
Булочка для гамбургера большой с кунжутом_batch_3,Выпекание,782,804,22,
Булочка для гамбургера большой с кунжутом_batch_4,Формовка,788,799,11,former_0
Булочка для гамбургера большой с кунжутом_batch_1,Выпекание,790,812,22,
Булочка для гамбургера большой с кунжутом_batch_11,Формовка,790,801,11,former_1
Булочка для гамбургера большой с кунжутом_batch_6,Остывание,791,836,45,
Береке_batch_2,Выпекание,797,813,16,
Булочка для гамбургера большой с кунжутом_batch_14,Смешивание,799,809,10,mixer_1
Булочка для гамбургера большой с кунжутом_batch_4,Расстойка,799,824,25,
Сэндвич_batch_7,Комбинирование,799,820,21,combiner_0
Булочка для гамбургера большой с кунжутом_batch_11,Расстойка,801,826,25,
Плетенка_batch_2,Комбинирование,801,810,9,combiner_1
Сэндвич_batch_5,Смешивание,801,811,10,mixer_0
Сэндвич_batch_8,Выпекание,803,825,22,
Булочка для гамбургера большой с кунжутом_batch_3,Остывание,804,849,45,
Булочка для гамбургера большой с кунжутом_batch_14,Формовка,809,820,11,former_1
Булочка для хотдога штучно_batch_1,Комбинирование,810,831,21,combiner_1
Плетенка_batch_2,Смешивание,811,821,10,mixer_0
Сэндвич_batch_5,Формовка,811,822,11,former_0
Булочка для гамбургера большой с кунжутом_batch_1,Остывание,812,857,45,
Береке_batch_2,Остывание,813,873,60,
Булочка для гамбургера большой с кунжутом_batch_14,Расстойка,820,845,25,
Сэндвич_batch_7,Смешивание,820,830,10,mixer_1
Сэндвич_batch_9,Комбинирование,820,841,21,combiner_0
Плетенка_batch_2,Формовка,821,826,5,former_1
Сэндвич_batch_5,Расстойка,822,847,25,
Булочка для гамбургера большой с кунжутом_batch_4,Выпекание,824,846,22,
Сэндвич_batch_8,Остывание,825,870,45,
Булочка для гамбургера большой с кунжутом_batch_11,Выпекание,826,848,22,
Плетенка_batch_2,Расстойка,826,851,25,
Сэндвич_batch_7,Формовка,830,841,11,former_1
Булочка для хотдога штучно_batch_1,Смешивание,831,841,10,mixer_1
Семейный_batch_4,Комбинирование,831,839,8,combiner_1
Славянский_batch_1,Комбинирование,839,841,2,combiner_1
Семейный_batch_4,Смешивание,840,850,10,mixer_2
Батон Верный_batch_1,Комбинирование,841,852,11,combiner_0
Булочка для хотдога штучно_batch_1,Формовка,841,852,11,former_0
Сэндвич_batch_14,Комбинирование,841,854,13,combiner_1
Сэндвич_batch_7,Расстойка,841,866,25,
Славянский_batch_1,Смешивание,842,852,10,mixer_0
Сэндвич_batch_9,Смешивание,842,852,10,mixer_1
Булочка для гамбургера большой с кунжутом_batch_14,Выпекание,845,867,22,
Булочка для гамбургера большой с кунжутом_batch_4,Остывание,846,891,45,
Сэндвич_batch_5,Выпекание,847,869,22,
Булочка для гамбургера большой с кунжутом_batch_11,Остывание,848,893,45,
Семейный_batch_4,Формовка,850,854,4,former_1
Плетенка_batch_2,Выпекание,851,868,17,
Батон Верный_batch_1,Смешивание,852,862,10,mixer_1
Булочка для хотдога штучно_batch_1,Расстойка,852,877,25,
Здоровье_batch_1,Комбинирование,852,856,4,combiner_0
Славянский_batch_1,Формовка,852,853,1,former_0
Славянский_batch_1,Расстойка,853,878,25,
Сэндвич_batch_9,Формовка,853,864,11,former_0
Батон Нарезной_batch_4,Комбинирование,854,862,8,combiner_1
Семейный_batch_4,Расстойка,854,879,25,
Сэндвич_batch_14,Смешивание,854,864,10,mixer_0
Сэндвич_batch_3,Комбинирование,856,877,21,combiner_0
Здоровье_batch_1,Смешивание,857,867,10,mixer_2
Батон Верный_batch_1,Формовка,862,868,6,former_1
Батон Нарезной_batch_4,Смешивание,862,872,10,mixer_1
Хлеб «Тартин бездрожжевой»_batch_1,Комбинирование,862,865,3,combiner_1
Сэндвич_batch_14,Формовка,864,871,7,former_0
Сэндвич_batch_9,Расстойка,864,889,25,
Зерновой Столичный_batch_1,Комбинирование,865,868,3,combiner_1
Хлеб «Тартин бездрожжевой»_batch_1,Смешивание,865,875,10,mixer_0
Сэндвич_batch_7,Выпекание,866,888,22,
Булочка для гамбургера большой с кунжутом_batch_14,Остывание,867,912,45,
Батон Верный_batch_1,Расстойка,868,893,25,
Датский_batch_1,Комбинирование,868,875,7,combiner_1
Здоровье_batch_1,Формовка,868,870,2,former_1
Зерновой Столичный_batch_1,Смешивание,868,878,10,mixer_2
Плетенка_batch_2,Остывание,868,928,60,
Сэндвич_batch_5,Остывание,869,914,45,
Здоровье_batch_1,Расстойка,870,895,25,
Сэндвич_batch_14,Расстойка,871,896,25,
Батон Нарезной_batch_4,Формовка,872,876,4,former_1
Датский_batch_1,Смешивание,875,885,10,mixer_1
Домашний_batch_1,Комбинирование,875,878,3,combiner_1
Хлеб «Тартин бездрожжевой»_batch_1,Формовка,875,877,2,former_0
Батон Нарезной_batch_4,Расстойка,876,901,25,
Булочка для гамбургера большой с кунжутом_batch_16,Комбинирование,877,884,7,combiner_0
Булочка для хотдога штучно_batch_1,Выпекание,877,899,22,
Сэндвич_batch_3,Смешивание,877,887,10,mixer_0
Хлеб «Тартин бездрожжевой»_batch_1,Расстойка,877,897,20,
Багет отрубной_batch_1,Комбинирование,878,891,13,combiner_1
Домашний_batch_1,Смешивание,878,888,10,mixer_2
Славянский_batch_1,Выпекание,878,895,17,
Зерновой Столичный_batch_1,Формовка,879,881,2,former_0
Семейный_batch_4,Выпекание,879,896,17,
Багет луковый_batch_1,Комбинирование,884,896,12,combiner_0
Булочка для гамбургера большой с кунжутом_batch_16,Смешивание,885,895,10,mixer_1
Датский_batch_1,Формовка,885,889,4,former_0
Сэндвич_batch_3,Формовка,887,898,11,former_1
Зерновой Столичный_batch_1,Расстойка,888,913,25,
Сэндвич_batch_7,Остывание,888,933,45,
Датский_batch_1,Расстойка,889,914,25,
Домашний_batch_1,Формовка,889,891,2,former_0
Сэндвич_batch_9,Выпекание,889,911,22,
Багет отрубной_batch_1,Смешивание,891,901,10,mixer_2
Батон Верный_batch_1,Выпекание,893,910,17,
Домашний_batch_1,Расстойка,894,919,25,
Булочка для гамбургера большой с кунжутом_batch_16,Формовка,895,899,4,former_0
Здоровье_batch_1,Выпекание,895,913,18,
Славянский_batch_1,Остывание,895,955,60,
Багет луковый_batch_1,Смешивание,896,906,10,mixer_1
Семейный_batch_4,Остывание,896,956,60,
Сэндвич_batch_14,Выпекание,896,918,22,
Хлеб «Тартин бездрожжевой»_batch_1,Выпекание,897,913,16,
Сэндвич_batch_3,Расстойка,898,923,25,
Булочка для хотдога штучно_batch_1,Остывание,899,944,45,
Багет отрубной_batch_1,Формовка,901,908,7,former_0
Батон Нарезной_batch_4,Выпекание,901,918,17,
Булочка для гамбургера большой с кунжутом_batch_16,Расстойка,902,927,25,
Багет луковый_batch_1,Формовка,906,913,7,former_1
Багет отрубной_batch_1,Расстойка,908,933,25,
Батон Верный_batch_1,Остывание,910,970,60,
Сэндвич_batch_9,Остывание,911,956,45,
Багет луковый_batch_1,Расстойка,913,933,20,
Здоровье_batch_1,Остывание,913,973,60,
Зерновой Столичный_batch_1,Выпекание,913,930,17,
Хлеб «Тартин бездрожжевой»_batch_1,Остывание,913,973,60,
Датский_batch_1,Выпекание,914,931,17,
Батон Нарезной_batch_4,Остывание,918,978,60,
Сэндвич_batch_14,Остывание,918,963,45,
Домашний_batch_1,Выпекание,919,936,17,
Сэндвич_batch_3,Выпекание,923,945,22,
Булочка для гамбургера большой с кунжутом_batch_16,Выпекание,927,949,22,
Зерновой Столичный_batch_1,Остывание,930,990,60,
Датский_batch_1,Остывание,932,992,60,
Багет луковый_batch_1,Выпекание,933,951,18,
Багет отрубной_batch_1,Выпекание,933,951,18,
Домашний_batch_1,Остывание,936,996,60,
Сэндвич_batch_3,Остывание,945,990,45,
Булочка для гамбургера большой с кунжутом_batch_16,Остывание,949,994,45,
Багет луковый_batch_1,Остывание,951,996,45,
Багет отрубной_batch_1,Остывание,951,996,45,
