Batch_ID,Product,Stage,Start_Time_Min,End_Time_Min,Duration_Min
Зерновой Столичный_batch_1,Зерновой Столичный,Комбинирование,0,3,3
Формовой_batch_9,Формовой,Комбинирование,0,21,21
Диета_batch_4,Диета,Комбинирование,3,12,9
Зерновой Столичный_batch_1,Зерновой Столичный,Смешивание,3,13,10
Бородинский_batch_4,Бородинский,Комбинирование,12,33,21
Диета_batch_4,Диета,Смешивание,12,22,10
Зерновой Столичный_batch_1,Зерновой Столичный,Формовка,13,15,2
Зерновой Столичный_batch_1,Зерновой Столичный,Расстойка,15,40,25
Береке_batch_2,Береке,Комбинирование,21,36,15
Формовой_batch_9,Формовой,Смешивание,21,33,12
Диета_batch_4,Диета,Формовка,22,27,5
Диета_batch_4,Диета,Расстойка,27,65,38
Бородинский_batch_4,Бородинский,Смешивание,33,43,10
Булочка для гамбургера большой с кунжутом_batch_15,Булочка для гамбургера большой с кунжутом,Комбинирование,33,54,21
Формовой_batch_9,Формовой,Формовка,33,44,11
Батон Нарезной_batch_1,Батон Нарезной,Комбинирование,36,57,21
Береке_batch_2,Береке,Смешивание,36,46,10
Зерновой Столичный_batch_1,Зерновой Столичный,Выпекание,40,57,17
Бородинский_batch_4,Бородинский,Формовка,43,54,11
Формовой_batch_9,Формовой,Расстойка,44,69,25
Береке_batch_2,Береке,Формовка,46,54,8
Береке_batch_2,Береке,Расстойка,54,74,20
Бородинский_batch_4,Бородинский,Расстойка,54,74,20
Бородинский_batch_5,Бородинский,Комбинирование,54,75,21
Булочка для гамбургера большой с кунжутом_batch_15,Булочка для гамбургера большой с кунжутом,Смешивание,54,64,10
Батон Нарезной_batch_1,Батон Нарезной,Смешивание,57,67,10
Булочка для гамбургера большой с кунжутом_batch_13,Булочка для гамбургера большой с кунжутом,Комбинирование,57,78,21
Зерновой Столичный_batch_1,Зерновой Столичный,Остывание,57,117,60
Булочка для гамбургера большой с кунжутом_batch_15,Булочка для гамбургера большой с кунжутом,Формовка,64,75,11
Диета_batch_4,Диета,Выпекание,65,100,35
Батон Нарезной_batch_1,Батон Нарезной,Формовка,67,78,11
Формовой_batch_9,Формовой,Выпекание,69,114,45
Береке_batch_2,Береке,Выпекание,74,90,16
Бородинский_batch_4,Бородинский,Выпекание,74,129,55
Бородинский_batch_5,Бородинский,Смешивание,75,85,10
Булочка для гамбургера большой с кунжутом_batch_15,Булочка для гамбургера большой с кунжутом,Расстойка,75,100,25
Формовой_batch_14,Формовой,Комбинирование,75,96,21
Батон Нарезной_batch_1,Батон Нарезной,Расстойка,78,103,25
Булочка для гамбургера большой с кунжутом_batch_13,Булочка для гамбургера большой с кунжутом,Смешивание,78,88,10
Формовой_batch_10,Формовой,Комбинирование,78,99,21
Бородинский_batch_5,Бородинский,Формовка,85,96,11
Булочка для гамбургера большой с кунжутом_batch_13,Булочка для гамбургера большой с кунжутом,Формовка,88,99,11
Береке_batch_2,Береке,Остывание,90,150,60
Бородинский_batch_5,Бородинский,Расстойка,96,116,20
Сэндвич_batch_6,Сэндвич,Комбинирование,96,117,21
Формовой_batch_14,Формовой,Смешивание,96,108,12
Булочка для гамбургера большой с кунжутом_batch_13,Булочка для гамбургера большой с кунжутом,Расстойка,99,124,25
Сэндвич_batch_4,Сэндвич,Комбинирование,99,120,21
Формовой_batch_10,Формовой,Смешивание,99,111,12
Булочка для гамбургера большой с кунжутом_batch_15,Булочка для гамбургера большой с кунжутом,Выпекание,100,122,22
Диета_batch_4,Диета,Остывание,100,190,90
Батон Нарезной_batch_1,Батон Нарезной,Выпекание,103,120,17
Формовой_batch_14,Формовой,Формовка,108,119,11
Формовой_batch_10,Формовой,Формовка,111,122,11
Формовой_batch_9,Формовой,Остывание,114,204,90
Бородинский_batch_5,Бородинский,Выпекание,116,171,55
Булочка для гамбургера большой с кунжутом_batch_1,Булочка для гамбургера большой с кунжутом,Комбинирование,117,138,21
Сэндвич_batch_6,Сэндвич,Смешивание,117,127,10
Формовой_batch_14,Формовой,Расстойка,119,144,25
Батон Нарезной_batch_1,Батон Нарезной,Остывание,120,180,60
Сэндвич_batch_4,Сэндвич,Смешивание,120,130,10
Сэндвич_batch_8,Сэндвич,Комбинирование,120,141,21
Булочка для гамбургера большой с кунжутом_batch_15,Булочка для гамбургера большой с кунжутом,Остывание,122,167,45
Формовой_batch_10,Формовой,Расстойка,122,147,25
Булочка для гамбургера большой с кунжутом_batch_13,Булочка для гамбургера большой с кунжутом,Выпекание,124,146,22
Сэндвич_batch_6,Сэндвич,Формовка,127,138,11
Бородинский_batch_4,Бородинский,Остывание,129,249,120
Сэндвич_batch_4,Сэндвич,Формовка,130,141,11
Булочка для гамбургера большой с кунжутом_batch_1,Булочка для гамбургера большой с кунжутом,Смешивание,138,148,10
Сэндвич_batch_6,Сэндвич,Расстойка,138,163,25
Хлеб «Зерновой»_batch_1,Хлеб «Зерновой»,Комбинирование,138,159,21
Сэндвич_batch_4,Сэндвич,Расстойка,141,166,25
Сэндвич_batch_8,Сэндвич,Смешивание,141,151,10
Формовой_batch_12,Формовой,Комбинирование,141,162,21
Формовой_batch_14,Формовой,Выпекание,144,189,45
Булочка для гамбургера большой с кунжутом_batch_13,Булочка для гамбургера большой с кунжутом,Остывание,146,191,45
Формовой_batch_10,Формовой,Выпекание,147,192,45
Булочка для гамбургера большой с кунжутом_batch_1,Булочка для гамбургера большой с кунжутом,Формовка,148,159,11
Сэндвич_batch_8,Сэндвич,Формовка,151,162,11
Булочка для гамбургера большой с кунжутом_batch_1,Булочка для гамбургера большой с кунжутом,Расстойка,159,184,25
Семейный_batch_3,Семейный,Комбинирование,159,180,21
Хлеб «Зерновой»_batch_1,Хлеб «Зерновой»,Смешивание,159,169,10
Багет новый_batch_1,Багет новый,Комбинирование,162,183,21
Сэндвич_batch_8,Сэндвич,Расстойка,162,187,25
Формовой_batch_12,Формовой,Смешивание,162,174,12
Сэндвич_batch_6,Сэндвич,Выпекание,163,185,22
Сэндвич_batch_4,Сэндвич,Выпекание,166,188,22
Хлеб «Зерновой»_batch_1,Хлеб «Зерновой»,Формовка,169,180,11
Бородинский_batch_5,Бородинский,Остывание,171,291,120
Формовой_batch_12,Формовой,Формовка,174,185,11
Семейный_batch_3,Семейный,Смешивание,180,190,10
Формовой_batch_11,Формовой,Комбинирование,180,201,21
Хлеб «Зерновой»_batch_1,Хлеб «Зерновой»,Расстойка,180,205,25
Багет новый_batch_1,Багет новый,Смешивание,183,193,10
Булочка для гамбургера большой с кунжутом_batch_3,Булочка для гамбургера большой с кунжутом,Комбинирование,183,204,21
Булочка для гамбургера большой с кунжутом_batch_1,Булочка для гамбургера большой с кунжутом,Выпекание,184,206,22
Сэндвич_batch_6,Сэндвич,Остывание,185,230,45
Формовой_batch_12,Формовой,Расстойка,185,210,25
Сэндвич_batch_8,Сэндвич,Выпекание,187,209,22
Сэндвич_batch_4,Сэндвич,Остывание,188,233,45
Формовой_batch_14,Формовой,Остывание,189,279,90
Семейный_batch_3,Семейный,Формовка,190,201,11
Формовой_batch_10,Формовой,Остывание,192,282,90
Багет новый_batch_1,Багет новый,Формовка,193,204,11
Мини формовой_batch_3,Мини формовой,Комбинирование,201,222,21
Семейный_batch_3,Семейный,Расстойка,201,226,25
Формовой_batch_11,Формовой,Смешивание,201,213,12
Багет новый_batch_1,Багет новый,Расстойка,204,229,25
Булочка для гамбургера большой с кунжутом_batch_3,Булочка для гамбургера большой с кунжутом,Смешивание,204,214,10
Булочка для гамбургера большой с кунжутом_batch_6,Булочка для гамбургера большой с кунжутом,Комбинирование,204,225,21
Хлеб «Зерновой»_batch_1,Хлеб «Зерновой»,Выпекание,205,230,25
Булочка для гамбургера большой с кунжутом_batch_1,Булочка для гамбургера большой с кунжутом,Остывание,206,251,45
Сэндвич_batch_8,Сэндвич,Остывание,209,254,45
Формовой_batch_12,Формовой,Выпекание,210,255,45
Формовой_batch_11,Формовой,Формовка,213,224,11
Булочка для гамбургера большой с кунжутом_batch_3,Булочка для гамбургера большой с кунжутом,Формовка,214,225,11
Бородинский_batch_6,Бородинский,Комбинирование,222,233,11
Мини формовой_batch_3,Мини формовой,Смешивание,222,234,12
Формовой_batch_11,Формовой,Расстойка,224,249,25
Булочка для гамбургера большой с кунжутом_batch_3,Булочка для гамбургера большой с кунжутом,Расстойка,225,250,25
Булочка для гамбургера большой с кунжутом_batch_6,Булочка для гамбургера большой с кунжутом,Смешивание,225,235,10
Формовой_batch_19,Формовой,Комбинирование,225,246,21
Семейный_batch_3,Семейный,Выпекание,226,243,17
Багет новый_batch_1,Багет новый,Выпекание,229,254,25
Хлеб «Зерновой»_batch_1,Хлеб «Зерновой»,Остывание,230,305,75
Бородинский_batch_6,Бородинский,Смешивание,233,243,10
Формовой_batch_4,Формовой,Комбинирование,233,254,21
Мини формовой_batch_3,Мини формовой,Формовка,234,245,11
Булочка для гамбургера большой с кунжутом_batch_6,Булочка для гамбургера большой с кунжутом,Формовка,235,246,11
Семейный_batch_3,Семейный,Остывание,243,303,60
Бородинский_batch_6,Бородинский,Формовка,245,251,6
Мини формовой_batch_3,Мини формовой,Расстойка,245,270,25
Булочка для гамбургера большой с кунжутом_batch_10,Булочка для гамбургера большой с кунжутом,Комбинирование,246,267,21
Булочка для гамбургера большой с кунжутом_batch_6,Булочка для гамбургера большой с кунжутом,Расстойка,246,271,25
Формовой_batch_19,Формовой,Смешивание,246,258,12
Формовой_batch_11,Формовой,Выпекание,249,294,45
Булочка для гамбургера большой с кунжутом_batch_3,Булочка для гамбургера большой с кунжутом,Выпекание,250,272,22
Бородинский_batch_6,Бородинский,Расстойка,251,271,20
Багет новый_batch_1,Багет новый,Остывание,254,329,75
Формовой_batch_16,Формовой,Комбинирование,254,275,21
Формовой_batch_4,Формовой,Смешивание,254,266,12
Формовой_batch_12,Формовой,Остывание,255,345,90
Формовой_batch_19,Формовой,Формовка,258,269,11
Формовой_batch_4,Формовой,Формовка,266,277,11
Булочка для гамбургера большой с кунжутом_batch_10,Булочка для гамбургера большой с кунжутом,Смешивание,267,277,10
Булочка для гамбургера большой с кунжутом_batch_9,Булочка для гамбургера большой с кунжутом,Комбинирование,267,288,21
Формовой_batch_19,Формовой,Расстойка,269,294,25
Мини формовой_batch_3,Мини формовой,Выпекание,270,315,45
Бородинский_batch_6,Бородинский,Выпекание,271,326,55
Булочка для гамбургера большой с кунжутом_batch_6,Булочка для гамбургера большой с кунжутом,Выпекание,271,293,22
Булочка для гамбургера большой с кунжутом_batch_3,Булочка для гамбургера большой с кунжутом,Остывание,272,317,45
Плетенка_batch_1,Плетенка,Комбинирование,275,296,21
Формовой_batch_16,Формовой,Смешивание,275,287,12
Булочка для гамбургера большой с кунжутом_batch_10,Булочка для гамбургера большой с кунжутом,Формовка,277,288,11
Формовой_batch_4,Формовой,Расстойка,277,302,25
Формовой_batch_16,Формовой,Формовка,287,298,11
Булочка для гамбургера большой с кунжутом_batch_10,Булочка для гамбургера большой с кунжутом,Расстойка,288,313,25
Булочка для гамбургера большой с кунжутом_batch_9,Булочка для гамбургера большой с кунжутом,Смешивание,288,298,10
Премиум_batch_1,Премиум,Комбинирование,288,292,4
Жайлы_batch_2,Жайлы,Комбинирование,292,306,14
Премиум_batch_1,Премиум,Смешивание,292,302,10
Булочка для гамбургера большой с кунжутом_batch_6,Булочка для гамбургера большой с кунжутом,Остывание,293,338,45
Формовой_batch_11,Формовой,Остывание,294,384,90
Формовой_batch_19,Формовой,Выпекание,294,339,45
Булочка для гамбургера большой с кунжутом_batch_7,Булочка для гамбургера большой с кунжутом,Комбинирование,296,317,21
Плетенка_batch_1,Плетенка,Смешивание,296,306,10
Булочка для гамбургера большой с кунжутом_batch_9,Булочка для гамбургера большой с кунжутом,Формовка,298,309,11
Формовой_batch_16,Формовой,Расстойка,298,323,25
Формовой_batch_4,Формовой,Выпекание,302,347,45
Жайлы_batch_2,Жайлы,Смешивание,306,316,10
Плетенка_batch_1,Плетенка,Формовка,306,317,11
Сэндвич_batch_2,Сэндвич,Комбинирование,306,327,21
Булочка для гамбургера большой с кунжутом_batch_9,Булочка для гамбургера большой с кунжутом,Расстойка,309,334,25
Премиум_batch_1,Премиум,Формовка,309,311,2
Премиум_batch_1,Премиум,Расстойка,311,336,25
Булочка для гамбургера большой с кунжутом_batch_10,Булочка для гамбургера большой с кунжутом,Выпекание,313,335,22
Мини формовой_batch_3,Мини формовой,Остывание,315,405,90
Жайлы_batch_2,Жайлы,Формовка,316,324,8
Батон Нарезной_batch_3,Батон Нарезной,Комбинирование,317,338,21
Булочка для гамбургера большой с кунжутом_batch_7,Булочка для гамбургера большой с кунжутом,Смешивание,317,327,10
Плетенка_batch_1,Плетенка,Расстойка,317,342,25
Формовой_batch_16,Формовой,Выпекание,323,368,45
Жайлы_batch_2,Жайлы,Расстойка,324,349,25
Бородинский_batch_6,Бородинский,Остывание,326,446,120
Багет отрубной_batch_1,Багет отрубной,Комбинирование,327,340,13
Булочка для гамбургера большой с кунжутом_batch_7,Булочка для гамбургера большой с кунжутом,Формовка,327,338,11
Сэндвич_batch_2,Сэндвич,Смешивание,327,337,10
Булочка для гамбургера большой с кунжутом_batch_9,Булочка для гамбургера большой с кунжутом,Выпекание,334,356,22
Булочка для гамбургера большой с кунжутом_batch_10,Булочка для гамбургера большой с кунжутом,Остывание,335,380,45
Премиум_batch_1,Премиум,Выпекание,336,361,25
Сэндвич_batch_2,Сэндвич,Формовка,337,348,11
Батон Нарезной_batch_3,Батон Нарезной,Смешивание,338,348,10
Булочка для гамбургера большой с кунжутом_batch_7,Булочка для гамбургера большой с кунжутом,Расстойка,338,363,25
Хлеб «Тартин бездрожжевой»_batch_1,Хлеб «Тартин бездрожжевой»,Комбинирование,338,341,3
Формовой_batch_19,Формовой,Остывание,339,429,90
Багет отрубной_batch_1,Багет отрубной,Смешивание,340,350,10
Формовой_batch_2,Формовой,Комбинирование,340,361,21
Сэндвич_batch_9,Сэндвич,Комбинирование,341,362,21
Хлеб «Тартин бездрожжевой»_batch_1,Хлеб «Тартин бездрожжевой»,Смешивание,341,351,10
Плетенка_batch_1,Плетенка,Выпекание,342,359,17
Формовой_batch_4,Формовой,Остывание,347,437,90
Батон Нарезной_batch_3,Батон Нарезной,Формовка,348,359,11
Сэндвич_batch_2,Сэндвич,Расстойка,348,373,25
Жайлы_batch_2,Жайлы,Выпекание,349,366,17
Багет отрубной_batch_1,Багет отрубной,Формовка,350,357,7
Булочка для гамбургера большой с кунжутом_batch_9,Булочка для гамбургера большой с кунжутом,Остывание,356,401,45
Багет отрубной_batch_1,Багет отрубной,Расстойка,357,382,25
Хлеб «Тартин бездрожжевой»_batch_1,Хлеб «Тартин бездрожжевой»,Формовка,357,359,2
Батон Нарезной_batch_3,Батон Нарезной,Расстойка,359,384,25
Плетенка_batch_1,Плетенка,Остывание,359,419,60
Хлеб «Тартин бездрожжевой»_batch_1,Хлеб «Тартин бездрожжевой»,Расстойка,359,379,20
Диета_batch_1,Диета,Комбинирование,361,382,21
Премиум_batch_1,Премиум,Остывание,361,436,75
Формовой_batch_2,Формовой,Смешивание,361,373,12
Сэндвич_batch_13,Сэндвич,Комбинирование,362,383,21
Сэндвич_batch_9,Сэндвич,Смешивание,362,372,10
Булочка для гамбургера большой с кунжутом_batch_7,Булочка для гамбургера большой с кунжутом,Выпекание,363,385,22
Жайлы_batch_2,Жайлы,Остывание,366,426,60
Формовой_batch_16,Формовой,Остывание,368,458,90
Сэндвич_batch_9,Сэндвич,Формовка,372,383,11
Сэндвич_batch_2,Сэндвич,Выпекание,373,395,22
Формовой_batch_2,Формовой,Формовка,373,384,11
Хлеб «Тартин бездрожжевой»_batch_1,Хлеб «Тартин бездрожжевой»,Выпекание,379,395,16
Багет отрубной_batch_1,Багет отрубной,Выпекание,382,400,18
Диета_batch_1,Диета,Смешивание,382,392,10
Формовой_batch_3,Формовой,Комбинирование,382,403,21
Батон Нарезной_batch_4,Батон Нарезной,Комбинирование,383,391,8
Сэндвич_batch_13,Сэндвич,Смешивание,383,393,10
Сэндвич_batch_9,Сэндвич,Расстойка,383,408,25
Батон Нарезной_batch_3,Батон Нарезной,Выпекание,384,401,17
Формовой_batch_2,Формовой,Расстойка,384,409,25
Булочка для гамбургера большой с кунжутом_batch_7,Булочка для гамбургера большой с кунжутом,Остывание,385,430,45
Славянский_batch_1,Славянский,Комбинирование,391,393,2
Батон Нарезной_batch_4,Батон Нарезной,Смешивание,392,402,10
Диета_batch_1,Диета,Формовка,392,403,11
Булочка для гамбургера большой с кунжутом_batch_4,Булочка для гамбургера большой с кунжутом,Комбинирование,393,414,21
Славянский_batch_1,Славянский,Смешивание,393,403,10
Сэндвич_batch_13,Сэндвич,Формовка,393,404,11
Сэндвич_batch_2,Сэндвич,Остывание,395,440,45
Хлеб «Тартин бездрожжевой»_batch_1,Хлеб «Тартин бездрожжевой»,Остывание,395,455,60
Багет отрубной_batch_1,Багет отрубной,Остывание,400,445,45
Батон Нарезной_batch_3,Батон Нарезной,Остывание,401,461,60
Диета_batch_1,Диета,Расстойка,403,441,38
Формовой_batch_3,Формовой,Смешивание,403,415,12
Формовой_batch_6,Формовой,Комбинирование,403,424,21
Батон Нарезной_batch_4,Батон Нарезной,Формовка,404,408,4
Сэндвич_batch_13,Сэндвич,Расстойка,404,429,25
Батон Нарезной_batch_4,Батон Нарезной,Расстойка,408,433,25
Славянский_batch_1,Славянский,Формовка,408,409,1
Сэндвич_batch_9,Сэндвич,Выпекание,408,430,22
Славянский_batch_1,Славянский,Расстойка,409,434,25
Формовой_batch_2,Формовой,Выпекание,409,454,45
Булочка для гамбургера большой с кунжутом_batch_4,Булочка для гамбургера большой с кунжутом,Смешивание,414,424,10
Домашний_batch_1,Домашний,Комбинирование,414,417,3
Формовой_batch_3,Формовой,Формовка,415,426,11
Домашний_batch_1,Домашний,Смешивание,417,427,10
Сэндвич_batch_1,Сэндвич,Комбинирование,417,438,21
Булочка для гамбургера большой с кунжутом_batch_4,Булочка для гамбургера большой с кунжутом,Формовка,424,435,11
Сэндвич_batch_3,Сэндвич,Комбинирование,424,445,21
Формовой_batch_6,Формовой,Смешивание,424,436,12
Формовой_batch_3,Формовой,Расстойка,426,451,25
Сэндвич_batch_13,Сэндвич,Выпекание,429,451,22
Сэндвич_batch_9,Сэндвич,Остывание,430,475,45
Батон Нарезной_batch_4,Батон Нарезной,Выпекание,433,450,17
Славянский_batch_1,Славянский,Выпекание,434,451,17
Булочка для гамбургера большой с кунжутом_batch_4,Булочка для гамбургера большой с кунжутом,Расстойка,435,460,25
Домашний_batch_1,Домашний,Формовка,435,437,2
Формовой_batch_6,Формовой,Формовка,436,447,11
Домашний_batch_1,Домашний,Расстойка,437,462,25
Семейный_batch_4,Семейный,Комбинирование,438,446,8
Сэндвич_batch_1,Сэндвич,Смешивание,438,448,10
Диета_batch_1,Диета,Выпекание,441,476,35
Сэндвич_batch_3,Сэндвич,Смешивание,445,455,10
Формовой_batch_22,Формовой,Комбинирование,445,463,18
Семейный_batch_4,Семейный,Смешивание,446,456,10
Формовой_batch_8,Формовой,Комбинирование,446,467,21
Формовой_batch_6,Формовой,Расстойка,447,472,25
Сэндвич_batch_1,Сэндвич,Формовка,448,459,11
Батон Нарезной_batch_4,Батон Нарезной,Остывание,450,510,60
Славянский_batch_1,Славянский,Остывание,451,511,60
Сэндвич_batch_13,Сэндвич,Остывание,451,496,45
Формовой_batch_3,Формовой,Выпекание,451,496,45
Формовой_batch_2,Формовой,Остывание,454,544,90
Сэндвич_batch_3,Сэндвич,Формовка,455,466,11
Семейный_batch_4,Семейный,Формовка,459,463,4
Сэндвич_batch_1,Сэндвич,Расстойка,459,484,25
Булочка для гамбургера большой с кунжутом_batch_4,Булочка для гамбургера большой с кунжутом,Выпекание,460,482,22
Домашний_batch_1,Домашний,Выпекание,462,479,17
Булочка для гамбургера большой с кунжутом_batch_16,Булочка для гамбургера большой с кунжутом,Комбинирование,463,470,7
Семейный_batch_4,Семейный,Расстойка,463,488,25
Формовой_batch_22,Формовой,Смешивание,463,475,12
Сэндвич_batch_3,Сэндвич,Расстойка,466,491,25
Формовой_batch_17,Формовой,Комбинирование,467,488,21
Формовой_batch_8,Формовой,Смешивание,467,479,12
Булочка для гамбургера большой с кунжутом_batch_16,Булочка для гамбургера большой с кунжутом,Смешивание,470,480,10
Сэндвич_batch_12,Сэндвич,Комбинирование,470,491,21
Формовой_batch_6,Формовой,Выпекание,472,517,45
Формовой_batch_22,Формовой,Формовка,475,485,10
Диета_batch_1,Диета,Остывание,476,566,90
Домашний_batch_1,Домашний,Остывание,479,539,60
Формовой_batch_8,Формовой,Формовка,479,490,11
Булочка для гамбургера большой с кунжутом_batch_4,Булочка для гамбургера большой с кунжутом,Остывание,482,527,45
Сэндвич_batch_1,Сэндвич,Выпекание,484,506,22
Булочка для гамбургера большой с кунжутом_batch_16,Булочка для гамбургера большой с кунжутом,Формовка,485,489,4
Формовой_batch_22,Формовой,Расстойка,485,510,25
Семейный_batch_4,Семейный,Выпекание,488,505,17
Формовой_batch_17,Формовой,Смешивание,488,500,12
Формовой_batch_7,Формовой,Комбинирование,488,509,21
Булочка для гамбургера большой с кунжутом_batch_16,Булочка для гамбургера большой с кунжутом,Расстойка,489,514,25
Формовой_batch_8,Формовой,Расстойка,490,515,25
Сэндвич_batch_12,Сэндвич,Смешивание,491,501,10
Сэндвич_batch_3,Сэндвич,Выпекание,491,513,22
Формовой_batch_21,Формовой,Комбинирование,491,512,21
Формовой_batch_3,Формовой,Остывание,496,586,90
Формовой_batch_17,Формовой,Формовка,500,511,11
Сэндвич_batch_12,Сэндвич,Формовка,501,512,11
Семейный_batch_4,Семейный,Остывание,505,565,60
Сэндвич_batch_1,Сэндвич,Остывание,506,551,45
Булочка для гамбургера большой с кунжутом_batch_5,Булочка для гамбургера большой с кунжутом,Комбинирование,509,530,21
Формовой_batch_7,Формовой,Смешивание,509,521,12
Формовой_batch_22,Формовой,Выпекание,510,555,45
Формовой_batch_17,Формовой,Расстойка,511,536,25
Батон Верный_batch_1,Батон Верный,Комбинирование,512,523,11
Сэндвич_batch_12,Сэндвич,Расстойка,512,537,25
Формовой_batch_21,Формовой,Смешивание,512,524,12
Сэндвич_batch_3,Сэндвич,Остывание,513,558,45
Булочка для гамбургера большой с кунжутом_batch_16,Булочка для гамбургера большой с кунжутом,Выпекание,514,536,22
Формовой_batch_8,Формовой,Выпекание,515,560,45
Формовой_batch_6,Формовой,Остывание,517,607,90
Формовой_batch_7,Формовой,Формовка,521,532,11
Батон Верный_batch_1,Батон Верный,Смешивание,523,533,10
Формовой_batch_20,Формовой,Комбинирование,523,544,21
Формовой_batch_21,Формовой,Формовка,524,535,11
Булочка для гамбургера большой с кунжутом_batch_5,Булочка для гамбургера большой с кунжутом,Смешивание,530,540,10
Плетенка_batch_2,Плетенка,Комбинирование,530,539,9
Формовой_batch_7,Формовой,Расстойка,532,557,25
Батон Верный_batch_1,Батон Верный,Формовка,535,541,6
Формовой_batch_21,Формовой,Расстойка,535,560,25
Булочка для гамбургера большой с кунжутом_batch_16,Булочка для гамбургера большой с кунжутом,Остывание,536,581,45
Формовой_batch_17,Формовой,Выпекание,536,581,45
Сэндвич_batch_12,Сэндвич,Выпекание,537,559,22
Береке_batch_1,Береке,Комбинирование,539,560,21
Плетенка_batch_2,Плетенка,Смешивание,539,549,10
Булочка для гамбургера большой с кунжутом_batch_5,Булочка для гамбургера большой с кунжутом,Формовка,540,551,11
Батон Верный_batch_1,Батон Верный,Расстойка,541,566,25
Сэндвич_batch_7,Сэндвич,Комбинирование,544,565,21
Формовой_batch_20,Формовой,Смешивание,544,556,12
Булочка для гамбургера большой с кунжутом_batch_5,Булочка для гамбургера большой с кунжутом,Расстойка,551,576,25
Плетенка_batch_2,Плетенка,Формовка,551,556,5
Формовой_batch_22,Формовой,Остывание,555,645,90
Плетенка_batch_2,Плетенка,Расстойка,556,581,25
Формовой_batch_20,Формовой,Формовка,556,567,11
Формовой_batch_7,Формовой,Выпекание,557,602,45
Сэндвич_batch_12,Сэндвич,Остывание,559,604,45
Багет новый_batch_4,Багет новый,Комбинирование,560,561,1
Береке_batch_1,Береке,Смешивание,560,570,10
Формовой_batch_21,Формовой,Выпекание,560,605,45
Формовой_batch_8,Формовой,Остывание,560,650,90
Багет луковый_batch_1,Багет луковый,Комбинирование,561,573,12
Багет новый_batch_4,Багет новый,Смешивание,561,571,10
Булочка для хотдога штучно_batch_1,Булочка для хотдога штучно,Комбинирование,565,586,21
Сэндвич_batch_7,Сэндвич,Смешивание,565,575,10
Батон Верный_batch_1,Батон Верный,Выпекание,566,583,17
Формовой_batch_20,Формовой,Расстойка,567,592,25
Береке_batch_1,Береке,Формовка,570,581,11
Багет луковый_batch_1,Багет луковый,Смешивание,573,583,10
Здоровье_batch_1,Здоровье,Комбинирование,573,577,4
Сэндвич_batch_7,Сэндвич,Формовка,575,586,11
Булочка для гамбургера большой с кунжутом_batch_5,Булочка для гамбургера большой с кунжутом,Выпекание,576,598,22
Здоровье_batch_1,Здоровье,Смешивание,577,587,10
Сэндвич_batch_11,Сэндвич,Комбинирование,577,598,21
Багет новый_batch_4,Багет новый,Формовка,581,582,1
Береке_batch_1,Береке,Расстойка,581,601,20
Плетенка_batch_2,Плетенка,Выпекание,581,598,17
Формовой_batch_17,Формовой,Остывание,581,671,90
Багет новый_batch_4,Багет новый,Расстойка,582,607,25
Багет луковый_batch_1,Багет луковый,Формовка,583,590,7
Батон Верный_batch_1,Батон Верный,Остывание,583,643,60
Булочка для хотдога штучно_batch_1,Булочка для хотдога штучно,Смешивание,586,596,10
Сэндвич_batch_14,Сэндвич,Комбинирование,586,599,13
Сэндвич_batch_7,Сэндвич,Расстойка,586,611,25
Багет луковый_batch_1,Багет луковый,Расстойка,590,610,20
Здоровье_batch_1,Здоровье,Формовка,590,592,2
Здоровье_batch_1,Здоровье,Расстойка,592,617,25
Формовой_batch_20,Формовой,Выпекание,592,637,45
Булочка для хотдога штучно_batch_1,Булочка для хотдога штучно,Формовка,596,607,11
Булочка для гамбургера большой с кунжутом_batch_5,Булочка для гамбургера большой с кунжутом,Остывание,598,643,45
Датский_batch_1,Датский,Комбинирование,598,605,7
Плетенка_batch_2,Плетенка,Остывание,598,658,60
Сэндвич_batch_11,Сэндвич,Смешивание,598,608,10
Семейный_batch_2,Семейный,Комбинирование,599,620,21
Сэндвич_batch_14,Сэндвич,Смешивание,599,609,10
Береке_batch_1,Береке,Выпекание,601,617,16
Формовой_batch_7,Формовой,Остывание,602,692,90
Датский_batch_1,Датский,Смешивание,605,615,10
Формовой_batch_21,Формовой,Остывание,605,695,90
Чиабатта_batch_1,Чиабатта,Комбинирование,605,609,4
Багет новый_batch_4,Багет новый,Выпекание,607,632,25
Булочка для хотдога штучно_batch_1,Булочка для хотдога штучно,Расстойка,607,632,25
Сэндвич_batch_11,Сэндвич,Формовка,608,619,11
Жайлы_batch_1,Жайлы,Комбинирование,609,630,21
Сэндвич_batch_14,Сэндвич,Формовка,609,616,7
Чиабатта_batch_1,Чиабатта,Смешивание,609,619,10
Багет луковый_batch_1,Багет луковый,Выпекание,610,628,18
Сэндвич_batch_7,Сэндвич,Выпекание,611,633,22
Датский_batch_1,Датский,Формовка,616,620,4
Сэндвич_batch_14,Сэндвич,Расстойка,616,641,25
Береке_batch_1,Береке,Остывание,617,677,60
Здоровье_batch_1,Здоровье,Выпекание,617,635,18
Сэндвич_batch_11,Сэндвич,Расстойка,619,644,25
Батон Нарезной_batch_2,Батон Нарезной,Комбинирование,620,641,21
Датский_batch_1,Датский,Расстойка,620,645,25
Семейный_batch_2,Семейный,Смешивание,620,630,10
Чиабатта_batch_1,Чиабатта,Формовка,620,622,2
Чиабатта_batch_1,Чиабатта,Расстойка,622,647,25
Багет луковый_batch_1,Багет луковый,Остывание,628,673,45
Булочка для гамбургера большой с кунжутом_batch_12,Булочка для гамбургера большой с кунжутом,Комбинирование,630,651,21
Жайлы_batch_1,Жайлы,Смешивание,630,640,10
Семейный_batch_2,Семейный,Формовка,630,641,11
Багет новый_batch_4,Багет новый,Остывание,632,707,75
Булочка для хотдога штучно_batch_1,Булочка для хотдога штучно,Выпекание,632,654,22
Сэндвич_batch_7,Сэндвич,Остывание,633,678,45
Здоровье_batch_1,Здоровье,Остывание,635,695,60
Формовой_batch_20,Формовой,Остывание,637,727,90
Жайлы_batch_1,Жайлы,Формовка,640,651,11
Батон Нарезной_batch_2,Батон Нарезной,Смешивание,641,651,10
Семейный_batch_2,Семейный,Расстойка,641,666,25
Сэндвич_batch_10,Сэндвич,Комбинирование,641,662,21
Сэндвич_batch_14,Сэндвич,Выпекание,641,663,22
Сэндвич_batch_11,Сэндвич,Выпекание,644,666,22
Датский_batch_1,Датский,Выпекание,645,662,17
Чиабатта_batch_1,Чиабатта,Выпекание,647,672,25
Батон Нарезной_batch_2,Батон Нарезной,Формовка,651,662,11
Бородинский_batch_3,Бородинский,Комбинирование,651,672,21
Булочка для гамбургера большой с кунжутом_batch_12,Булочка для гамбургера большой с кунжутом,Смешивание,651,661,10
Жайлы_batch_1,Жайлы,Расстойка,651,676,25
Булочка для хотдога штучно_batch_1,Булочка для хотдога штучно,Остывание,654,699,45
Булочка для гамбургера большой с кунжутом_batch_12,Булочка для гамбургера большой с кунжутом,Формовка,661,672,11
Батон Нарезной_batch_2,Батон Нарезной,Расстойка,662,687,25
Датский_batch_1,Датский,Остывание,662,722,60
Сэндвич_batch_10,Сэндвич,Смешивание,662,672,10
Формовой_batch_15,Формовой,Комбинирование,662,683,21
Сэндвич_batch_14,Сэндвич,Остывание,663,708,45
Семейный_batch_2,Семейный,Выпекание,666,683,17
Сэндвич_batch_11,Сэндвич,Остывание,666,711,45
Бородинский_batch_3,Бородинский,Смешивание,672,682,10
Булочка для гамбургера большой с кунжутом_batch_12,Булочка для гамбургера большой с кунжутом,Расстойка,672,697,25
Сэндвич_batch_10,Сэндвич,Формовка,672,683,11
Формовой_batch_18,Формовой,Комбинирование,672,693,21
Чиабатта_batch_1,Чиабатта,Остывание,672,747,75
Жайлы_batch_1,Жайлы,Выпекание,676,693,17
Бородинский_batch_3,Бородинский,Формовка,682,693,11
Семейный_batch_1,Семейный,Комбинирование,683,704,21
Семейный_batch_2,Семейный,Остывание,683,743,60
Сэндвич_batch_10,Сэндвич,Расстойка,683,708,25
Формовой_batch_15,Формовой,Смешивание,683,695,12
Батон Нарезной_batch_2,Батон Нарезной,Выпекание,687,704,17
Баварский Деревенский Ржаной_batch_1,Баварский Деревенский Ржаной,Комбинирование,693,696,3
Бородинский_batch_3,Бородинский,Расстойка,693,713,20
Жайлы_batch_1,Жайлы,Остывание,693,753,60
Формовой_batch_18,Формовой,Смешивание,693,705,12
Формовой_batch_15,Формовой,Формовка,695,706,11
Баварский Деревенский Ржаной_batch_1,Баварский Деревенский Ржаной,Смешивание,696,706,10
Сэндвич_batch_5,Сэндвич,Комбинирование,696,717,21
Булочка для гамбургера большой с кунжутом_batch_12,Булочка для гамбургера большой с кунжутом,Выпекание,697,719,22
Батон Нарезной_batch_2,Батон Нарезной,Остывание,704,764,60
Булочка для гамбургера большой с кунжутом_batch_11,Булочка для гамбургера большой с кунжутом,Комбинирование,704,725,21
Семейный_batch_1,Семейный,Смешивание,704,714,10
Формовой_batch_18,Формовой,Формовка,705,716,11
Формовой_batch_15,Формовой,Расстойка,706,731,25
Сэндвич_batch_10,Сэндвич,Выпекание,708,730,22
Бородинский_batch_3,Бородинский,Выпекание,713,768,55
Семейный_batch_1,Семейный,Формовка,714,725,11
Баварский Деревенский Ржаной_batch_1,Баварский Деревенский Ржаной,Формовка,716,718,2
Формовой_batch_18,Формовой,Расстойка,716,741,25
Сэндвич_batch_5,Сэндвич,Смешивание,717,727,10
Формовой_batch_5,Формовой,Комбинирование,717,738,21
Баварский Деревенский Ржаной_batch_1,Баварский Деревенский Ржаной,Расстойка,718,748,30
Булочка для гамбургера большой с кунжутом_batch_12,Булочка для гамбургера большой с кунжутом,Остывание,719,764,45
Багет новый_batch_3,Багет новый,Комбинирование,725,746,21
Булочка для гамбургера большой с кунжутом_batch_11,Булочка для гамбургера большой с кунжутом,Смешивание,725,735,10
Семейный_batch_1,Семейный,Расстойка,725,750,25
Сэндвич_batch_5,Сэндвич,Формовка,727,738,11
Сэндвич_batch_10,Сэндвич,Остывание,730,775,45
Формовой_batch_15,Формовой,Выпекание,731,776,45
Булочка для гамбургера большой с кунжутом_batch_11,Булочка для гамбургера большой с кунжутом,Формовка,735,746,11
Мини формовой_batch_2,Мини формовой,Комбинирование,738,759,21
Сэндвич_batch_5,Сэндвич,Расстойка,738,763,25
Формовой_batch_5,Формовой,Смешивание,738,750,12
Формовой_batch_18,Формовой,Выпекание,741,786,45
Багет новый_batch_3,Багет новый,Смешивание,746,756,10
Булочка для гамбургера большой с кунжутом_batch_11,Булочка для гамбургера большой с кунжутом,Расстойка,746,771,25
Мини формовой_batch_1,Мини формовой,Комбинирование,746,767,21
Баварский Деревенский Ржаной_batch_1,Баварский Деревенский Ржаной,Выпекание,748,766,18
Семейный_batch_1,Семейный,Выпекание,750,767,17
Формовой_batch_5,Формовой,Формовка,750,761,11
Багет новый_batch_3,Багет новый,Формовка,756,767,11
Диета_batch_3,Диета,Комбинирование,759,780,21
Мини формовой_batch_2,Мини формовой,Смешивание,759,771,12
Формовой_batch_5,Формовой,Расстойка,761,786,25
Сэндвич_batch_5,Сэндвич,Выпекание,763,785,22
Баварский Деревенский Ржаной_batch_1,Баварский Деревенский Ржаной,Остывание,766,856,90
Багет новый_batch_3,Багет новый,Расстойка,767,792,25
Мини формовой_batch_1,Мини формовой,Смешивание,767,779,12
Семейный_batch_1,Семейный,Остывание,767,827,60
Хлеб «Зерновой»_batch_2,Хлеб «Зерновой»,Комбинирование,767,780,13
Бородинский_batch_3,Бородинский,Остывание,768,888,120
Булочка для гамбургера большой с кунжутом_batch_11,Булочка для гамбургера большой с кунжутом,Выпекание,771,793,22
Мини формовой_batch_2,Мини формовой,Формовка,771,782,11
Формовой_batch_15,Формовой,Остывание,776,866,90
Мини формовой_batch_1,Мини формовой,Формовка,779,790,11
Булочка для гамбургера большой с кунжутом_batch_14,Булочка для гамбургера большой с кунжутом,Комбинирование,780,801,21
Булочка для гамбургера большой с кунжутом_batch_2,Булочка для гамбургера большой с кунжутом,Комбинирование,780,801,21
Диета_batch_3,Диета,Смешивание,780,790,10
Хлеб «Зерновой»_batch_2,Хлеб «Зерновой»,Смешивание,780,790,10
Мини формовой_batch_2,Мини формовой,Расстойка,782,807,25
Сэндвич_batch_5,Сэндвич,Остывание,785,830,45
Формовой_batch_18,Формовой,Остывание,786,876,90
Формовой_batch_5,Формовой,Выпекание,786,831,45
Диета_batch_3,Диета,Формовка,790,801,11
Мини формовой_batch_1,Мини формовой,Расстойка,790,815,25
Хлеб «Зерновой»_batch_2,Хлеб «Зерновой»,Формовка,790,797,7
Багет новый_batch_3,Багет новый,Выпекание,792,817,25
Булочка для гамбургера большой с кунжутом_batch_11,Булочка для гамбургера большой с кунжутом,Остывание,793,838,45
Хлеб «Зерновой»_batch_2,Хлеб «Зерновой»,Расстойка,797,822,25
Багет новый_batch_2,Багет новый,Комбинирование,801,822,21
Булочка для гамбургера большой с кунжутом_batch_14,Булочка для гамбургера большой с кунжутом,Смешивание,801,811,10
Булочка для гамбургера большой с кунжутом_batch_2,Булочка для гамбургера большой с кунжутом,Смешивание,801,811,10
Диета_batch_3,Диета,Расстойка,801,839,38
Формовой_batch_1,Формовой,Комбинирование,801,822,21
Мини формовой_batch_2,Мини формовой,Выпекание,807,852,45
Булочка для гамбургера большой с кунжутом_batch_14,Булочка для гамбургера большой с кунжутом,Формовка,811,822,11
Булочка для гамбургера большой с кунжутом_batch_2,Булочка для гамбургера большой с кунжутом,Формовка,811,822,11
Мини формовой_batch_1,Мини формовой,Выпекание,815,860,45
Багет новый_batch_3,Багет новый,Остывание,817,892,75
Багет новый_batch_2,Багет новый,Смешивание,822,832,10
Бородинский_batch_1,Бородинский,Комбинирование,822,843,21
Булочка для гамбургера большой с кунжутом_batch_14,Булочка для гамбургера большой с кунжутом,Расстойка,822,847,25
Булочка для гамбургера большой с кунжутом_batch_2,Булочка для гамбургера большой с кунжутом,Расстойка,822,847,25
Мини формовой_batch_4,Мини формовой,Комбинирование,822,839,17
Формовой_batch_1,Формовой,Смешивание,822,834,12
Хлеб «Зерновой»_batch_2,Хлеб «Зерновой»,Выпекание,822,847,25
Формовой_batch_5,Формовой,Остывание,831,921,90
Багет новый_batch_2,Багет новый,Формовка,832,843,11
Формовой_batch_1,Формовой,Формовка,834,845,11
Диета_batch_2,Диета,Комбинирование,839,860,21
Диета_batch_3,Диета,Выпекание,839,874,35
Мини формовой_batch_4,Мини формовой,Смешивание,839,851,12
Багет новый_batch_2,Багет новый,Расстойка,843,868,25
Бородинский_batch_1,Бородинский,Смешивание,843,853,10
Бородинский_batch_2,Бородинский,Комбинирование,843,864,21
Формовой_batch_1,Формовой,Расстойка,845,870,25
Булочка для гамбургера большой с кунжутом_batch_14,Булочка для гамбургера большой с кунжутом,Выпекание,847,869,22
Булочка для гамбургера большой с кунжутом_batch_2,Булочка для гамбургера большой с кунжутом,Выпекание,847,869,22
Хлеб «Зерновой»_batch_2,Хлеб «Зерновой»,Остывание,847,922,75
Мини формовой_batch_4,Мини формовой,Формовка,851,860,9
Мини формовой_batch_2,Мини формовой,Остывание,852,942,90
Бородинский_batch_1,Бородинский,Формовка,853,864,11
Булочка для хотдога штучно_batch_2,Булочка для хотдога штучно,Комбинирование,860,881,21
Диета_batch_2,Диета,Смешивание,860,870,10
Мини формовой_batch_1,Мини формовой,Остывание,860,950,90
Мини формовой_batch_4,Мини формовой,Расстойка,860,885,25
Бородинский_batch_1,Бородинский,Расстойка,864,884,20
Бородинский_batch_2,Бородинский,Смешивание,864,874,10
Формовой_batch_13,Формовой,Комбинирование,864,885,21
Багет новый_batch_2,Багет новый,Выпекание,868,893,25
Булочка для гамбургера большой с кунжутом_batch_14,Булочка для гамбургера большой с кунжутом,Остывание,869,914,45
Булочка для гамбургера большой с кунжутом_batch_2,Булочка для гамбургера большой с кунжутом,Остывание,869,914,45
Диета_batch_2,Диета,Формовка,870,881,11
Формовой_batch_1,Формовой,Выпекание,870,915,45
Бородинский_batch_2,Бородинский,Формовка,874,885,11
Диета_batch_3,Диета,Остывание,874,964,90
Булочка для гамбургера большой с кунжутом_batch_8,Булочка для гамбургера большой с кунжутом,Комбинирование,881,902,21
Булочка для хотдога штучно_batch_2,Булочка для хотдога штучно,Смешивание,881,891,10
Диета_batch_2,Диета,Расстойка,881,919,38
Бородинский_batch_1,Бородинский,Выпекание,884,939,55
Бородинский_batch_2,Бородинский,Расстойка,885,905,20
Мини формовой_batch_4,Мини формовой,Выпекание,885,930,45
Формовой_batch_13,Формовой,Смешивание,885,897,12
Булочка для хотдога штучно_batch_2,Булочка для хотдога штучно,Формовка,891,902,11
Багет новый_batch_2,Багет новый,Остывание,893,968,75
Формовой_batch_13,Формовой,Формовка,897,908,11
Булочка для гамбургера большой с кунжутом_batch_8,Булочка для гамбургера большой с кунжутом,Смешивание,902,912,10
Булочка для хотдога штучно_batch_2,Булочка для хотдога штучно,Расстойка,902,927,25
Бородинский_batch_2,Бородинский,Выпекание,905,960,55
Формовой_batch_13,Формовой,Расстойка,908,933,25
Булочка для гамбургера большой с кунжутом_batch_8,Булочка для гамбургера большой с кунжутом,Формовка,912,923,11
Формовой_batch_1,Формовой,Остывание,915,1005,90
Диета_batch_2,Диета,Выпекание,919,954,35
Булочка для гамбургера большой с кунжутом_batch_8,Булочка для гамбургера большой с кунжутом,Расстойка,923,948,25
Булочка для хотдога штучно_batch_2,Булочка для хотдога штучно,Выпекание,927,949,22
Мини формовой_batch_4,Мини формовой,Остывание,930,1020,90
Формовой_batch_13,Формовой,Выпекание,933,978,45
Бородинский_batch_1,Бородинский,Остывание,939,1059,120
Булочка для гамбургера большой с кунжутом_batch_8,Булочка для гамбургера большой с кунжутом,Выпекание,948,970,22
Булочка для хотдога штучно_batch_2,Булочка для хотдога штучно,Остывание,949,994,45
Диета_batch_2,Диета,Остывание,954,1044,90
Бородинский_batch_2,Бородинский,Остывание,960,1080,120
Булочка для гамбургера большой с кунжутом_batch_8,Булочка для гамбургера большой с кунжутом,Остывание,970,1015,45
Формовой_batch_13,Формовой,Остывание,978,1068,90
